['',      證券代號
0    1104
1    1108
2    1109
3    1110
4    1201
5    1203
6    1210
7    1213
8    1215
9    1216
10   1217
11   1218
12   1219
13   1220
14   1225
15   1227
16   1229
17   1231
18   1232
19   1233
20   1234
21   1235
22   1236
23   1262
24   1301
25   1303
26   1304
27   1305
28   1307
29   1308
..    ...
819  9911
820  9912
821  9914
822  9917
823  9918
824  9919
825  9921
826  9924
827  9925
828  9926
829  9927
830  9928
831  9929
832  9930
833  9931
834  9933
835  9934
836  9935
837  9937
838  9938
839  9939
840  9940
841  9941
842  9942
843  9943
844  9944
845  9945
846  9946
847  9955
848  9958
